# name: debug
# type: sparse matrix
# nnz: 36
# rows: 6
# columns: 6

1 1 1.54647967
2 1 -0.336839612
3 1 -0.328899217
4 1 1.247219
5 1 -1.72560793
6 1 -0.215399149
1 2 -0.336839612
2 2 0.264377155
3 2 -0.998896295
4 2 5.88383082
5 2 -3.07667041
6 2 0.950508892
1 3 -0.328899217
2 3 -0.998896295
3 3 1.46282926
4 3 3.07369433
5 3 -2.40142298
6 3 0.188112359
1 4 1.247219
2 4 5.88383082
3 4 3.07369433
4 4 492.017032
5 4 11.38581
6 4 2.23207723
1 5 -1.72560793
2 5 -3.07667041
3 5 -2.40142298
4 5 11.38581
5 5 495.529618
6 5 -0.0891723093
1 6 -0.215399149
2 6 0.950508892
3 6 0.188112359
4 6 2.23207723
5 6 -0.0891723093
6 6 498.510001
